Precision:	0.6178450823417878
Recall:		0.5943689291823713
F1:		0.605879682136909