Precision:	0.5538922739236578
Recall:		0.5277121500451555
F1:		0.5404853683810036