Precision:	0.6184435977403309
Recall:		0.5011885182492344
F1:		0.5536762047920583