Precision:	0.6073801114755482
Recall:		0.5692632491841416
F1:		0.5877042905414355