Precision:	0.6406067578044964
Recall:		0.6071841689225056
F1:		0.6234478445262231