Precision:	0.5406976744186046
Recall:		0.5
F1:		0.5195530726256983