Precision:	0.6267863894072401
Recall:		0.5435519017259494
F1:		0.5822093261741783